0001_s001.png (480,480,3)
0001_s002.png (480,480,3)
0001_s003.png (480,480,3)
0001_s004.png (480,480,3)
0001_s005.png (480,480,3)
0001_s006.png (480,480,3)
0001_s007.png (480,480,3)
0001_s008.png (480,480,3)
0001_s009.png (480,480,3)
0001_s010.png (480,480,3)
0001_s011.png (480,480,3)
0001_s012.png (480,480,3)
0001_s013.png (480,480,3)
0001_s014.png (480,480,3)
0001_s015.png (480,480,3)
0001_s016.png (480,480,3)
0001_s017.png (480,480,3)
0001_s018.png (480,480,3)
0001_s019.png (480,480,3)
0001_s020.png (480,480,3)
0001_s021.png (480,480,3)
0001_s022.png (480,480,3)
0001_s023.png (480,480,3)
0001_s024.png (480,480,3)
0001_s025.png (480,480,3)
0001_s026.png (480,480,3)
0001_s027.png (480,480,3)
0001_s028.png (480,480,3)
0001_s029.png (480,480,3)
0001_s030.png (480,480,3)
0001_s031.png (480,480,3)
0001_s032.png (480,480,3)
0001_s033.png (480,480,3)
0001_s034.png (480,480,3)
0001_s035.png (480,480,3)
0001_s036.png (480,480,3)
0001_s037.png (480,480,3)
0001_s038.png (480,480,3)
0001_s039.png (480,480,3)
0001_s040.png (480,480,3)
0002_s001.png (480,480,3)
0002_s002.png (480,480,3)
0002_s003.png (480,480,3)
0002_s004.png (480,480,3)
0002_s005.png (480,480,3)
0002_s006.png (480,480,3)
0002_s007.png (480,480,3)
0002_s008.png (480,480,3)
0002_s009.png (480,480,3)
0002_s010.png (480,480,3)
0002_s011.png (480,480,3)
0002_s012.png (480,480,3)
0002_s013.png (480,480,3)
0002_s014.png (480,480,3)
0002_s015.png (480,480,3)
0002_s016.png (480,480,3)
0002_s017.png (480,480,3)
0002_s018.png (480,480,3)
0002_s019.png (480,480,3)
0002_s020.png (480,480,3)
0002_s021.png (480,480,3)
0002_s022.png (480,480,3)
0002_s023.png (480,480,3)
0002_s024.png (480,480,3)
0002_s025.png (480,480,3)
0002_s026.png (480,480,3)
0002_s027.png (480,480,3)
0002_s028.png (480,480,3)
0002_s029.png (480,480,3)
0002_s030.png (480,480,3)
0002_s031.png (480,480,3)
0002_s032.png (480,480,3)
0002_s033.png (480,480,3)
0002_s034.png (480,480,3)
0002_s035.png (480,480,3)
0002_s036.png (480,480,3)
0002_s037.png (480,480,3)
0002_s038.png (480,480,3)
0002_s039.png (480,480,3)
0002_s040.png (480,480,3)
0002_s041.png (480,480,3)
0002_s042.png (480,480,3)
0002_s043.png (480,480,3)
0002_s044.png (480,480,3)
0002_s045.png (480,480,3)
0002_s046.png (480,480,3)
0002_s047.png (480,480,3)
0002_s048.png (480,480,3)
0002_s049.png (480,480,3)
0002_s050.png (480,480,3)
0002_s051.png (480,480,3)
0002_s052.png (480,480,3)
0002_s053.png (480,480,3)
0002_s054.png (480,480,3)
0002_s055.png (480,480,3)
0002_s056.png (480,480,3)
0003_s001.png (480,480,3)
0003_s002.png (480,480,3)
0003_s003.png (480,480,3)
0003_s004.png (480,480,3)
0003_s005.png (480,480,3)
0003_s006.png (480,480,3)
0003_s007.png (480,480,3)
0003_s008.png (480,480,3)
0003_s009.png (480,480,3)
0003_s010.png (480,480,3)
0003_s011.png (480,480,3)
0003_s012.png (480,480,3)
0003_s013.png (480,480,3)
0003_s014.png (480,480,3)
0003_s015.png (480,480,3)
0003_s016.png (480,480,3)
0003_s017.png (480,480,3)
0003_s018.png (480,480,3)
0003_s019.png (480,480,3)
0003_s020.png (480,480,3)
0003_s021.png (480,480,3)
0003_s022.png (480,480,3)
0003_s023.png (480,480,3)
0003_s024.png (480,480,3)
0003_s025.png (480,480,3)
0003_s026.png (480,480,3)
0003_s027.png (480,480,3)
0003_s028.png (480,480,3)
0003_s029.png (480,480,3)
0003_s030.png (480,480,3)
0003_s031.png (480,480,3)
0003_s032.png (480,480,3)
0003_s033.png (480,480,3)
0003_s034.png (480,480,3)
0003_s035.png (480,480,3)
0003_s036.png (480,480,3)
0003_s037.png (480,480,3)
0003_s038.png (480,480,3)
0003_s039.png (480,480,3)
0003_s040.png (480,480,3)
0004_s001.png (480,480,3)
0004_s002.png (480,480,3)
0004_s003.png (480,480,3)
0004_s004.png (480,480,3)
0004_s005.png (480,480,3)
0004_s006.png (480,480,3)
0004_s007.png (480,480,3)
0004_s008.png (480,480,3)
0004_s009.png (480,480,3)
0004_s010.png (480,480,3)
0004_s011.png (480,480,3)
0004_s012.png (480,480,3)
0004_s013.png (480,480,3)
0004_s014.png (480,480,3)
0004_s015.png (480,480,3)
0004_s016.png (480,480,3)
0004_s017.png (480,480,3)
0004_s018.png (480,480,3)
0004_s019.png (480,480,3)
0004_s020.png (480,480,3)
0004_s021.png (480,480,3)
0004_s022.png (480,480,3)
0004_s023.png (480,480,3)
0004_s024.png (480,480,3)
0004_s025.png (480,480,3)
0004_s026.png (480,480,3)
0004_s027.png (480,480,3)
0004_s028.png (480,480,3)
0004_s029.png (480,480,3)
0004_s030.png (480,480,3)
0004_s031.png (480,480,3)
0004_s032.png (480,480,3)
0004_s033.png (480,480,3)
0004_s034.png (480,480,3)
0004_s035.png (480,480,3)
0004_s036.png (480,480,3)
0004_s037.png (480,480,3)
0004_s038.png (480,480,3)
0004_s039.png (480,480,3)
0004_s040.png (480,480,3)
0005_s001.png (480,480,3)
0005_s002.png (480,480,3)
0005_s003.png (480,480,3)
0005_s004.png (480,480,3)
0005_s005.png (480,480,3)
0005_s006.png (480,480,3)
0005_s007.png (480,480,3)
0005_s008.png (480,480,3)
0005_s009.png (480,480,3)
0005_s010.png (480,480,3)
0005_s011.png (480,480,3)
0005_s012.png (480,480,3)
0005_s013.png (480,480,3)
0005_s014.png (480,480,3)
0005_s015.png (480,480,3)
0005_s016.png (480,480,3)
0005_s017.png (480,480,3)
0005_s018.png (480,480,3)
0005_s019.png (480,480,3)
0005_s020.png (480,480,3)
0005_s021.png (480,480,3)
0005_s022.png (480,480,3)
0005_s023.png (480,480,3)
0005_s024.png (480,480,3)
0005_s025.png (480,480,3)
0005_s026.png (480,480,3)
0005_s027.png (480,480,3)
0005_s028.png (480,480,3)
0005_s029.png (480,480,3)
0005_s030.png (480,480,3)
0005_s031.png (480,480,3)
0005_s032.png (480,480,3)
0005_s033.png (480,480,3)
0005_s034.png (480,480,3)
0005_s035.png (480,480,3)
0005_s036.png (480,480,3)
0005_s037.png (480,480,3)
0005_s038.png (480,480,3)
0005_s039.png (480,480,3)
0005_s040.png (480,480,3)
0005_s041.png (480,480,3)
0005_s042.png (480,480,3)
0005_s043.png (480,480,3)
0005_s044.png (480,480,3)
0005_s045.png (480,480,3)
0005_s046.png (480,480,3)
0005_s047.png (480,480,3)
0005_s048.png (480,480,3)
0006_s001.png (480,480,3)
0006_s002.png (480,480,3)
0006_s003.png (480,480,3)
0006_s004.png (480,480,3)
0006_s005.png (480,480,3)
0006_s006.png (480,480,3)
0006_s007.png (480,480,3)
0006_s008.png (480,480,3)
0006_s009.png (480,480,3)
0006_s010.png (480,480,3)
0006_s011.png (480,480,3)
0006_s012.png (480,480,3)
0006_s013.png (480,480,3)
0006_s014.png (480,480,3)
0006_s015.png (480,480,3)
0006_s016.png (480,480,3)
0006_s017.png (480,480,3)
0006_s018.png (480,480,3)
0006_s019.png (480,480,3)
0006_s020.png (480,480,3)
0006_s021.png (480,480,3)
0006_s022.png (480,480,3)
0006_s023.png (480,480,3)
0006_s024.png (480,480,3)
0006_s025.png (480,480,3)
0006_s026.png (480,480,3)
0006_s027.png (480,480,3)
0006_s028.png (480,480,3)
0006_s029.png (480,480,3)
0006_s030.png (480,480,3)
0006_s031.png (480,480,3)
0006_s032.png (480,480,3)
0006_s033.png (480,480,3)
0006_s034.png (480,480,3)
0006_s035.png (480,480,3)
0006_s036.png (480,480,3)
0006_s037.png (480,480,3)
0006_s038.png (480,480,3)
0006_s039.png (480,480,3)
0006_s040.png (480,480,3)
0007_s001.png (480,480,3)
0007_s002.png (480,480,3)
0007_s003.png (480,480,3)
0007_s004.png (480,480,3)
0007_s005.png (480,480,3)
0007_s006.png (480,480,3)
0007_s007.png (480,480,3)
0007_s008.png (480,480,3)
0007_s009.png (480,480,3)
0007_s010.png (480,480,3)
0007_s011.png (480,480,3)
0007_s012.png (480,480,3)
0007_s013.png (480,480,3)
0007_s014.png (480,480,3)
0007_s015.png (480,480,3)
0007_s016.png (480,480,3)
0007_s017.png (480,480,3)
0007_s018.png (480,480,3)
0007_s019.png (480,480,3)
0007_s020.png (480,480,3)
0007_s021.png (480,480,3)
0007_s022.png (480,480,3)
0007_s023.png (480,480,3)
0007_s024.png (480,480,3)
0007_s025.png (480,480,3)
0007_s026.png (480,480,3)
0007_s027.png (480,480,3)
0007_s028.png (480,480,3)
0007_s029.png (480,480,3)
0007_s030.png (480,480,3)
0007_s031.png (480,480,3)
0007_s032.png (480,480,3)
0007_s033.png (480,480,3)
0007_s034.png (480,480,3)
0007_s035.png (480,480,3)
0007_s036.png (480,480,3)
0007_s037.png (480,480,3)
0007_s038.png (480,480,3)
0007_s039.png (480,480,3)
0007_s040.png (480,480,3)
0008_s001.png (480,480,3)
0008_s002.png (480,480,3)
0008_s003.png (480,480,3)
0008_s004.png (480,480,3)
0008_s005.png (480,480,3)
0008_s006.png (480,480,3)
0008_s007.png (480,480,3)
0008_s008.png (480,480,3)
0008_s009.png (480,480,3)
0008_s010.png (480,480,3)
0008_s011.png (480,480,3)
0008_s012.png (480,480,3)
0008_s013.png (480,480,3)
0008_s014.png (480,480,3)
0008_s015.png (480,480,3)
0008_s016.png (480,480,3)
0008_s017.png (480,480,3)
0008_s018.png (480,480,3)
0008_s019.png (480,480,3)
0008_s020.png (480,480,3)
0008_s021.png (480,480,3)
0008_s022.png (480,480,3)
0008_s023.png (480,480,3)
0008_s024.png (480,480,3)
0008_s025.png (480,480,3)
0008_s026.png (480,480,3)
0008_s027.png (480,480,3)
0008_s028.png (480,480,3)
0008_s029.png (480,480,3)
0008_s030.png (480,480,3)
0008_s031.png (480,480,3)
0008_s032.png (480,480,3)
0008_s033.png (480,480,3)
0008_s034.png (480,480,3)
0008_s035.png (480,480,3)
0008_s036.png (480,480,3)
0008_s037.png (480,480,3)
0008_s038.png (480,480,3)
0008_s039.png (480,480,3)
0008_s040.png (480,480,3)
0009_s001.png (480,480,3)
0009_s002.png (480,480,3)
0009_s003.png (480,480,3)
0009_s004.png (480,480,3)
0009_s005.png (480,480,3)
0009_s006.png (480,480,3)
0009_s007.png (480,480,3)
0009_s008.png (480,480,3)
0009_s009.png (480,480,3)
0009_s010.png (480,480,3)
0009_s011.png (480,480,3)
0009_s012.png (480,480,3)
0009_s013.png (480,480,3)
0009_s014.png (480,480,3)
0009_s015.png (480,480,3)
0009_s016.png (480,480,3)
0009_s017.png (480,480,3)
0009_s018.png (480,480,3)
0009_s019.png (480,480,3)
0009_s020.png (480,480,3)
0009_s021.png (480,480,3)
0009_s022.png (480,480,3)
0009_s023.png (480,480,3)
0009_s024.png (480,480,3)
0009_s025.png (480,480,3)
0009_s026.png (480,480,3)
0009_s027.png (480,480,3)
0009_s028.png (480,480,3)
0009_s029.png (480,480,3)
0009_s030.png (480,480,3)
0009_s031.png (480,480,3)
0009_s032.png (480,480,3)
0009_s033.png (480,480,3)
0009_s034.png (480,480,3)
0009_s035.png (480,480,3)
0009_s036.png (480,480,3)
0009_s037.png (480,480,3)
0009_s038.png (480,480,3)
0009_s039.png (480,480,3)
0009_s040.png (480,480,3)
0009_s041.png (480,480,3)
0009_s042.png (480,480,3)
0009_s043.png (480,480,3)
0009_s044.png (480,480,3)
0009_s045.png (480,480,3)
0009_s046.png (480,480,3)
0009_s047.png (480,480,3)
0009_s048.png (480,480,3)
0010_s001.png (480,480,3)
0010_s002.png (480,480,3)
0010_s003.png (480,480,3)
0010_s004.png (480,480,3)
0010_s005.png (480,480,3)
0010_s006.png (480,480,3)
0010_s007.png (480,480,3)
0010_s008.png (480,480,3)
0010_s009.png (480,480,3)
0010_s010.png (480,480,3)
0010_s011.png (480,480,3)
0010_s012.png (480,480,3)
0010_s013.png (480,480,3)
0010_s014.png (480,480,3)
0010_s015.png (480,480,3)
0010_s016.png (480,480,3)
0010_s017.png (480,480,3)
0010_s018.png (480,480,3)
0010_s019.png (480,480,3)
0010_s020.png (480,480,3)
0010_s021.png (480,480,3)
0010_s022.png (480,480,3)
0010_s023.png (480,480,3)
0010_s024.png (480,480,3)
0010_s025.png (480,480,3)
0010_s026.png (480,480,3)
0010_s027.png (480,480,3)
0010_s028.png (480,480,3)
0010_s029.png (480,480,3)
0010_s030.png (480,480,3)
0010_s031.png (480,480,3)
0010_s032.png (480,480,3)
0010_s033.png (480,480,3)
0010_s034.png (480,480,3)
0010_s035.png (480,480,3)
0010_s036.png (480,480,3)
0010_s037.png (480,480,3)
0010_s038.png (480,480,3)
0010_s039.png (480,480,3)
0010_s040.png (480,480,3)
0010_s041.png (480,480,3)
0010_s042.png (480,480,3)
0010_s043.png (480,480,3)
0010_s044.png (480,480,3)
0010_s045.png (480,480,3)
0010_s046.png (480,480,3)
0010_s047.png (480,480,3)
0010_s048.png (480,480,3)
0011_s001.png (480,480,3)
0011_s002.png (480,480,3)
0011_s003.png (480,480,3)
0011_s004.png (480,480,3)
0011_s005.png (480,480,3)
0011_s006.png (480,480,3)
0011_s007.png (480,480,3)
0011_s008.png (480,480,3)
0011_s009.png (480,480,3)
0011_s010.png (480,480,3)
0011_s011.png (480,480,3)
0011_s012.png (480,480,3)
0011_s013.png (480,480,3)
0011_s014.png (480,480,3)
0011_s015.png (480,480,3)
0011_s016.png (480,480,3)
0011_s017.png (480,480,3)
0011_s018.png (480,480,3)
0011_s019.png (480,480,3)
0011_s020.png (480,480,3)
0011_s021.png (480,480,3)
0011_s022.png (480,480,3)
0011_s023.png (480,480,3)
0011_s024.png (480,480,3)
0011_s025.png (480,480,3)
0011_s026.png (480,480,3)
0011_s027.png (480,480,3)
0011_s028.png (480,480,3)
0011_s029.png (480,480,3)
0011_s030.png (480,480,3)
0011_s031.png (480,480,3)
0011_s032.png (480,480,3)
0011_s033.png (480,480,3)
0011_s034.png (480,480,3)
0011_s035.png (480,480,3)
0011_s036.png (480,480,3)
0011_s037.png (480,480,3)
0011_s038.png (480,480,3)
0011_s039.png (480,480,3)
0011_s040.png (480,480,3)
0012_s001.png (480,480,3)
0012_s002.png (480,480,3)
0012_s003.png (480,480,3)
0012_s004.png (480,480,3)
0012_s005.png (480,480,3)
0012_s006.png (480,480,3)
0012_s007.png (480,480,3)
0012_s008.png (480,480,3)
0012_s009.png (480,480,3)
0012_s010.png (480,480,3)
0012_s011.png (480,480,3)
0012_s012.png (480,480,3)
0012_s013.png (480,480,3)
0012_s014.png (480,480,3)
0012_s015.png (480,480,3)
0012_s016.png (480,480,3)
0012_s017.png (480,480,3)
0012_s018.png (480,480,3)
0012_s019.png (480,480,3)
0012_s020.png (480,480,3)
0012_s021.png (480,480,3)
0012_s022.png (480,480,3)
0012_s023.png (480,480,3)
0012_s024.png (480,480,3)
0012_s025.png (480,480,3)
0012_s026.png (480,480,3)
0012_s027.png (480,480,3)
0012_s028.png (480,480,3)
0012_s029.png (480,480,3)
0012_s030.png (480,480,3)
0012_s031.png (480,480,3)
0012_s032.png (480,480,3)
0012_s033.png (480,480,3)
0012_s034.png (480,480,3)
0012_s035.png (480,480,3)
0012_s036.png (480,480,3)
0012_s037.png (480,480,3)
0012_s038.png (480,480,3)
0012_s039.png (480,480,3)
0012_s040.png (480,480,3)
0013_s001.png (480,480,3)
0013_s002.png (480,480,3)
0013_s003.png (480,480,3)
0013_s004.png (480,480,3)
0013_s005.png (480,480,3)
0013_s006.png (480,480,3)
0013_s007.png (480,480,3)
0013_s008.png (480,480,3)
0013_s009.png (480,480,3)
0013_s010.png (480,480,3)
0013_s011.png (480,480,3)
0013_s012.png (480,480,3)
0013_s013.png (480,480,3)
0013_s014.png (480,480,3)
0013_s015.png (480,480,3)
0013_s016.png (480,480,3)
0013_s017.png (480,480,3)
0013_s018.png (480,480,3)
0013_s019.png (480,480,3)
0013_s020.png (480,480,3)
0013_s021.png (480,480,3)
0013_s022.png (480,480,3)
0013_s023.png (480,480,3)
0013_s024.png (480,480,3)
0013_s025.png (480,480,3)
0013_s026.png (480,480,3)
0013_s027.png (480,480,3)
0013_s028.png (480,480,3)
0013_s029.png (480,480,3)
0013_s030.png (480,480,3)
0013_s031.png (480,480,3)
0013_s032.png (480,480,3)
0013_s033.png (480,480,3)
0013_s034.png (480,480,3)
0013_s035.png (480,480,3)
0013_s036.png (480,480,3)
0013_s037.png (480,480,3)
0013_s038.png (480,480,3)
0013_s039.png (480,480,3)
0013_s040.png (480,480,3)
0014_s001.png (480,480,3)
0014_s002.png (480,480,3)
0014_s003.png (480,480,3)
0014_s004.png (480,480,3)
0014_s005.png (480,480,3)
0014_s006.png (480,480,3)
0014_s007.png (480,480,3)
0014_s008.png (480,480,3)
0014_s009.png (480,480,3)
0014_s010.png (480,480,3)
0014_s011.png (480,480,3)
0014_s012.png (480,480,3)
0014_s013.png (480,480,3)
0014_s014.png (480,480,3)
0014_s015.png (480,480,3)
0014_s016.png (480,480,3)
0014_s017.png (480,480,3)
0014_s018.png (480,480,3)
0014_s019.png (480,480,3)
0014_s020.png (480,480,3)
0014_s021.png (480,480,3)
0014_s022.png (480,480,3)
0014_s023.png (480,480,3)
0014_s024.png (480,480,3)
0014_s025.png (480,480,3)
0014_s026.png (480,480,3)
0014_s027.png (480,480,3)
0014_s028.png (480,480,3)
0014_s029.png (480,480,3)
0014_s030.png (480,480,3)
0014_s031.png (480,480,3)
0014_s032.png (480,480,3)
0014_s033.png (480,480,3)
0014_s034.png (480,480,3)
0014_s035.png (480,480,3)
0014_s036.png (480,480,3)
0014_s037.png (480,480,3)
0014_s038.png (480,480,3)
0014_s039.png (480,480,3)
0014_s040.png (480,480,3)
0015_s001.png (480,480,3)
0015_s002.png (480,480,3)
0015_s003.png (480,480,3)
0015_s004.png (480,480,3)
0015_s005.png (480,480,3)
0015_s006.png (480,480,3)
0015_s007.png (480,480,3)
0015_s008.png (480,480,3)
0015_s009.png (480,480,3)
0015_s010.png (480,480,3)
0015_s011.png (480,480,3)
0015_s012.png (480,480,3)
0015_s013.png (480,480,3)
0015_s014.png (480,480,3)
0015_s015.png (480,480,3)
0015_s016.png (480,480,3)
0015_s017.png (480,480,3)
0015_s018.png (480,480,3)
0015_s019.png (480,480,3)
0015_s020.png (480,480,3)
0015_s021.png (480,480,3)
0015_s022.png (480,480,3)
0015_s023.png (480,480,3)
0015_s024.png (480,480,3)
0015_s025.png (480,480,3)
0015_s026.png (480,480,3)
0015_s027.png (480,480,3)
0015_s028.png (480,480,3)
0015_s029.png (480,480,3)
0015_s030.png (480,480,3)
0015_s031.png (480,480,3)
0015_s032.png (480,480,3)
0015_s033.png (480,480,3)
0015_s034.png (480,480,3)
0015_s035.png (480,480,3)
0015_s036.png (480,480,3)
0015_s037.png (480,480,3)
0015_s038.png (480,480,3)
0015_s039.png (480,480,3)
0015_s040.png (480,480,3)
0016_s001.png (480,480,3)
0016_s002.png (480,480,3)
0016_s003.png (480,480,3)
0016_s004.png (480,480,3)
0016_s005.png (480,480,3)
0016_s006.png (480,480,3)
0016_s007.png (480,480,3)
0016_s008.png (480,480,3)
0016_s009.png (480,480,3)
0016_s010.png (480,480,3)
0016_s011.png (480,480,3)
0016_s012.png (480,480,3)
0016_s013.png (480,480,3)
0016_s014.png (480,480,3)
0016_s015.png (480,480,3)
0016_s016.png (480,480,3)
0016_s017.png (480,480,3)
0016_s018.png (480,480,3)
0016_s019.png (480,480,3)
0016_s020.png (480,480,3)
0016_s021.png (480,480,3)
0016_s022.png (480,480,3)
0016_s023.png (480,480,3)
0016_s024.png (480,480,3)
0016_s025.png (480,480,3)
0016_s026.png (480,480,3)
0016_s027.png (480,480,3)
0016_s028.png (480,480,3)
0016_s029.png (480,480,3)
0016_s030.png (480,480,3)
0016_s031.png (480,480,3)
0016_s032.png (480,480,3)
0016_s033.png (480,480,3)
0016_s034.png (480,480,3)
0016_s035.png (480,480,3)
0016_s036.png (480,480,3)
0016_s037.png (480,480,3)
0016_s038.png (480,480,3)
0016_s039.png (480,480,3)
0016_s040.png (480,480,3)
0017_s001.png (480,480,3)
0017_s002.png (480,480,3)
0017_s003.png (480,480,3)
0017_s004.png (480,480,3)
0017_s005.png (480,480,3)
0017_s006.png (480,480,3)
0017_s007.png (480,480,3)
0017_s008.png (480,480,3)
0017_s009.png (480,480,3)
0017_s010.png (480,480,3)
0017_s011.png (480,480,3)
0017_s012.png (480,480,3)
0017_s013.png (480,480,3)
0017_s014.png (480,480,3)
0017_s015.png (480,480,3)
0017_s016.png (480,480,3)
0017_s017.png (480,480,3)
0017_s018.png (480,480,3)
0017_s019.png (480,480,3)
0017_s020.png (480,480,3)
0017_s021.png (480,480,3)
0017_s022.png (480,480,3)
0017_s023.png (480,480,3)
0017_s024.png (480,480,3)
0017_s025.png (480,480,3)
0017_s026.png (480,480,3)
0017_s027.png (480,480,3)
0017_s028.png (480,480,3)
0017_s029.png (480,480,3)
0017_s030.png (480,480,3)
0017_s031.png (480,480,3)
0017_s032.png (480,480,3)
0017_s033.png (480,480,3)
0017_s034.png (480,480,3)
0017_s035.png (480,480,3)
0017_s036.png (480,480,3)
0017_s037.png (480,480,3)
0017_s038.png (480,480,3)
0017_s039.png (480,480,3)
0017_s040.png (480,480,3)
0018_s001.png (480,480,3)
0018_s002.png (480,480,3)
0018_s003.png (480,480,3)
0018_s004.png (480,480,3)
0018_s005.png (480,480,3)
0018_s006.png (480,480,3)
0018_s007.png (480,480,3)
0018_s008.png (480,480,3)
0018_s009.png (480,480,3)
0018_s010.png (480,480,3)
0018_s011.png (480,480,3)
0018_s012.png (480,480,3)
0018_s013.png (480,480,3)
0018_s014.png (480,480,3)
0018_s015.png (480,480,3)
0018_s016.png (480,480,3)
0018_s017.png (480,480,3)
0018_s018.png (480,480,3)
0018_s019.png (480,480,3)
0018_s020.png (480,480,3)
0018_s021.png (480,480,3)
0018_s022.png (480,480,3)
0018_s023.png (480,480,3)
0018_s024.png (480,480,3)
0018_s025.png (480,480,3)
0018_s026.png (480,480,3)
0018_s027.png (480,480,3)
0018_s028.png (480,480,3)
0018_s029.png (480,480,3)
0018_s030.png (480,480,3)
0018_s031.png (480,480,3)
0018_s032.png (480,480,3)
0018_s033.png (480,480,3)
0018_s034.png (480,480,3)
0018_s035.png (480,480,3)
0018_s036.png (480,480,3)
0018_s037.png (480,480,3)
0018_s038.png (480,480,3)
0018_s039.png (480,480,3)
0018_s040.png (480,480,3)
0019_s001.png (480,480,3)
0019_s002.png (480,480,3)
0019_s003.png (480,480,3)
0019_s004.png (480,480,3)
0019_s005.png (480,480,3)
0019_s006.png (480,480,3)
0019_s007.png (480,480,3)
0019_s008.png (480,480,3)
0019_s009.png (480,480,3)
0019_s010.png (480,480,3)
0019_s011.png (480,480,3)
0019_s012.png (480,480,3)
0019_s013.png (480,480,3)
0019_s014.png (480,480,3)
0019_s015.png (480,480,3)
0019_s016.png (480,480,3)
0019_s017.png (480,480,3)
0019_s018.png (480,480,3)
0019_s019.png (480,480,3)
0019_s020.png (480,480,3)
0019_s021.png (480,480,3)
0019_s022.png (480,480,3)
0019_s023.png (480,480,3)
0019_s024.png (480,480,3)
0019_s025.png (480,480,3)
0019_s026.png (480,480,3)
0019_s027.png (480,480,3)
0019_s028.png (480,480,3)
0019_s029.png (480,480,3)
0019_s030.png (480,480,3)
0019_s031.png (480,480,3)
0019_s032.png (480,480,3)
0019_s033.png (480,480,3)
0019_s034.png (480,480,3)
0019_s035.png (480,480,3)
0019_s036.png (480,480,3)
0019_s037.png (480,480,3)
0019_s038.png (480,480,3)
0019_s039.png (480,480,3)
0019_s040.png (480,480,3)
0019_s041.png (480,480,3)
0019_s042.png (480,480,3)
0019_s043.png (480,480,3)
0019_s044.png (480,480,3)
0019_s045.png (480,480,3)
0019_s046.png (480,480,3)
0019_s047.png (480,480,3)
0019_s048.png (480,480,3)
0020_s001.png (480,480,3)
0020_s002.png (480,480,3)
0020_s003.png (480,480,3)
0020_s004.png (480,480,3)
0020_s005.png (480,480,3)
0020_s006.png (480,480,3)
0020_s007.png (480,480,3)
0020_s008.png (480,480,3)
0020_s009.png (480,480,3)
0020_s010.png (480,480,3)
0020_s011.png (480,480,3)
0020_s012.png (480,480,3)
0020_s013.png (480,480,3)
0020_s014.png (480,480,3)
0020_s015.png (480,480,3)
0020_s016.png (480,480,3)
0020_s017.png (480,480,3)
0020_s018.png (480,480,3)
0020_s019.png (480,480,3)
0020_s020.png (480,480,3)
0020_s021.png (480,480,3)
0020_s022.png (480,480,3)
0020_s023.png (480,480,3)
0020_s024.png (480,480,3)
0020_s025.png (480,480,3)
0020_s026.png (480,480,3)
0020_s027.png (480,480,3)
0020_s028.png (480,480,3)
0020_s029.png (480,480,3)
0020_s030.png (480,480,3)
0020_s031.png (480,480,3)
0020_s032.png (480,480,3)
0020_s033.png (480,480,3)
0020_s034.png (480,480,3)
0020_s035.png (480,480,3)
0020_s036.png (480,480,3)
0020_s037.png (480,480,3)
0020_s038.png (480,480,3)
0020_s039.png (480,480,3)
0020_s040.png (480,480,3)
0021_s001.png (480,480,3)
0021_s002.png (480,480,3)
0021_s003.png (480,480,3)
0021_s004.png (480,480,3)
0021_s005.png (480,480,3)
0021_s006.png (480,480,3)
0021_s007.png (480,480,3)
0021_s008.png (480,480,3)
0021_s009.png (480,480,3)
0021_s010.png (480,480,3)
0021_s011.png (480,480,3)
0021_s012.png (480,480,3)
0021_s013.png (480,480,3)
0021_s014.png (480,480,3)
0021_s015.png (480,480,3)
0021_s016.png (480,480,3)
0021_s017.png (480,480,3)
0021_s018.png (480,480,3)
0021_s019.png (480,480,3)
0021_s020.png (480,480,3)
0021_s021.png (480,480,3)
0021_s022.png (480,480,3)
0021_s023.png (480,480,3)
0021_s024.png (480,480,3)
0022_s001.png (480,480,3)
0022_s002.png (480,480,3)
0022_s003.png (480,480,3)
0022_s004.png (480,480,3)
0022_s005.png (480,480,3)
0022_s006.png (480,480,3)
0022_s007.png (480,480,3)
0022_s008.png (480,480,3)
0022_s009.png (480,480,3)
0022_s010.png (480,480,3)
0022_s011.png (480,480,3)
0022_s012.png (480,480,3)
0022_s013.png (480,480,3)
0022_s014.png (480,480,3)
0022_s015.png (480,480,3)
0022_s016.png (480,480,3)
0022_s017.png (480,480,3)
0022_s018.png (480,480,3)
0022_s019.png (480,480,3)
0022_s020.png (480,480,3)
0022_s021.png (480,480,3)
0022_s022.png (480,480,3)
0022_s023.png (480,480,3)
0022_s024.png (480,480,3)
0023_s001.png (480,480,3)
0023_s002.png (480,480,3)
0023_s003.png (480,480,3)
0023_s004.png (480,480,3)
0023_s005.png (480,480,3)
0023_s006.png (480,480,3)
0023_s007.png (480,480,3)
0023_s008.png (480,480,3)
0023_s009.png (480,480,3)
0023_s010.png (480,480,3)
0023_s011.png (480,480,3)
0023_s012.png (480,480,3)
0023_s013.png (480,480,3)
0023_s014.png (480,480,3)
0023_s015.png (480,480,3)
0023_s016.png (480,480,3)
0023_s017.png (480,480,3)
0023_s018.png (480,480,3)
0023_s019.png (480,480,3)
0023_s020.png (480,480,3)
0023_s021.png (480,480,3)
0023_s022.png (480,480,3)
0023_s023.png (480,480,3)
0023_s024.png (480,480,3)
0023_s025.png (480,480,3)
0023_s026.png (480,480,3)
0023_s027.png (480,480,3)
0023_s028.png (480,480,3)
0023_s029.png (480,480,3)
0023_s030.png (480,480,3)
0023_s031.png (480,480,3)
0023_s032.png (480,480,3)
0023_s033.png (480,480,3)
0023_s034.png (480,480,3)
0023_s035.png (480,480,3)
0023_s036.png (480,480,3)
0023_s037.png (480,480,3)
0023_s038.png (480,480,3)
0023_s039.png (480,480,3)
0023_s040.png (480,480,3)
0024_s001.png (480,480,3)
0024_s002.png (480,480,3)
0024_s003.png (480,480,3)
0024_s004.png (480,480,3)
0024_s005.png (480,480,3)
0024_s006.png (480,480,3)
0024_s007.png (480,480,3)
0024_s008.png (480,480,3)
0024_s009.png (480,480,3)
0024_s010.png (480,480,3)
0024_s011.png (480,480,3)
0024_s012.png (480,480,3)
0024_s013.png (480,480,3)
0024_s014.png (480,480,3)
0024_s015.png (480,480,3)
0024_s016.png (480,480,3)
0024_s017.png (480,480,3)
0024_s018.png (480,480,3)
0024_s019.png (480,480,3)
0024_s020.png (480,480,3)
0024_s021.png (480,480,3)
0024_s022.png (480,480,3)
0024_s023.png (480,480,3)
0024_s024.png (480,480,3)
0024_s025.png (480,480,3)
0024_s026.png (480,480,3)
0024_s027.png (480,480,3)
0024_s028.png (480,480,3)
0024_s029.png (480,480,3)
0024_s030.png (480,480,3)
0024_s031.png (480,480,3)
0024_s032.png (480,480,3)
0024_s033.png (480,480,3)
0024_s034.png (480,480,3)
0024_s035.png (480,480,3)
0024_s036.png (480,480,3)
0024_s037.png (480,480,3)
0024_s038.png (480,480,3)
0024_s039.png (480,480,3)
0024_s040.png (480,480,3)
0025_s001.png (480,480,3)
0025_s002.png (480,480,3)
0025_s003.png (480,480,3)
0025_s004.png (480,480,3)
0025_s005.png (480,480,3)
0025_s006.png (480,480,3)
0025_s007.png (480,480,3)
0025_s008.png (480,480,3)
0025_s009.png (480,480,3)
0025_s010.png (480,480,3)
0025_s011.png (480,480,3)
0025_s012.png (480,480,3)
0025_s013.png (480,480,3)
0025_s014.png (480,480,3)
0025_s015.png (480,480,3)
0025_s016.png (480,480,3)
0025_s017.png (480,480,3)
0025_s018.png (480,480,3)
0025_s019.png (480,480,3)
0025_s020.png (480,480,3)
0025_s021.png (480,480,3)
0025_s022.png (480,480,3)
0025_s023.png (480,480,3)
0025_s024.png (480,480,3)
0025_s025.png (480,480,3)
0025_s026.png (480,480,3)
0025_s027.png (480,480,3)
0025_s028.png (480,480,3)
0025_s029.png (480,480,3)
0025_s030.png (480,480,3)
0025_s031.png (480,480,3)
0025_s032.png (480,480,3)
0026_s001.png (480,480,3)
0026_s002.png (480,480,3)
0026_s003.png (480,480,3)
0026_s004.png (480,480,3)
0026_s005.png (480,480,3)
0026_s006.png (480,480,3)
0026_s007.png (480,480,3)
0026_s008.png (480,480,3)
0026_s009.png (480,480,3)
0026_s010.png (480,480,3)
0026_s011.png (480,480,3)
0026_s012.png (480,480,3)
0026_s013.png (480,480,3)
0026_s014.png (480,480,3)
0026_s015.png (480,480,3)
0026_s016.png (480,480,3)
0026_s017.png (480,480,3)
0026_s018.png (480,480,3)
0026_s019.png (480,480,3)
0026_s020.png (480,480,3)
0026_s021.png (480,480,3)
0026_s022.png (480,480,3)
0026_s023.png (480,480,3)
0026_s024.png (480,480,3)
0026_s025.png (480,480,3)
0026_s026.png (480,480,3)
0026_s027.png (480,480,3)
0026_s028.png (480,480,3)
0026_s029.png (480,480,3)
0026_s030.png (480,480,3)
0026_s031.png (480,480,3)
0026_s032.png (480,480,3)
0026_s033.png (480,480,3)
0026_s034.png (480,480,3)
0026_s035.png (480,480,3)
0026_s036.png (480,480,3)
0026_s037.png (480,480,3)
0026_s038.png (480,480,3)
0026_s039.png (480,480,3)
0026_s040.png (480,480,3)
0026_s041.png (480,480,3)
0026_s042.png (480,480,3)
0026_s043.png (480,480,3)
0026_s044.png (480,480,3)
0026_s045.png (480,480,3)
0026_s046.png (480,480,3)
0026_s047.png (480,480,3)
0026_s048.png (480,480,3)
0027_s001.png (480,480,3)
0027_s002.png (480,480,3)
0027_s003.png (480,480,3)
0027_s004.png (480,480,3)
0027_s005.png (480,480,3)
0027_s006.png (480,480,3)
0027_s007.png (480,480,3)
0027_s008.png (480,480,3)
0027_s009.png (480,480,3)
0027_s010.png (480,480,3)
0027_s011.png (480,480,3)
0027_s012.png (480,480,3)
0027_s013.png (480,480,3)
0027_s014.png (480,480,3)
0027_s015.png (480,480,3)
0027_s016.png (480,480,3)
0027_s017.png (480,480,3)
0027_s018.png (480,480,3)
0027_s019.png (480,480,3)
0027_s020.png (480,480,3)
0027_s021.png (480,480,3)
0027_s022.png (480,480,3)
0027_s023.png (480,480,3)
0027_s024.png (480,480,3)
0027_s025.png (480,480,3)
0027_s026.png (480,480,3)
0027_s027.png (480,480,3)
0027_s028.png (480,480,3)
0027_s029.png (480,480,3)
0027_s030.png (480,480,3)
0027_s031.png (480,480,3)
0027_s032.png (480,480,3)
0027_s033.png (480,480,3)
0027_s034.png (480,480,3)
0027_s035.png (480,480,3)
0027_s036.png (480,480,3)
0027_s037.png (480,480,3)
0027_s038.png (480,480,3)
0027_s039.png (480,480,3)
0027_s040.png (480,480,3)
0027_s041.png (480,480,3)
0027_s042.png (480,480,3)
0027_s043.png (480,480,3)
0027_s044.png (480,480,3)
0027_s045.png (480,480,3)
0027_s046.png (480,480,3)
0027_s047.png (480,480,3)
0027_s048.png (480,480,3)
0028_s001.png (480,480,3)
0028_s002.png (480,480,3)
0028_s003.png (480,480,3)
0028_s004.png (480,480,3)
0028_s005.png (480,480,3)
0028_s006.png (480,480,3)
0028_s007.png (480,480,3)
0028_s008.png (480,480,3)
0028_s009.png (480,480,3)
0028_s010.png (480,480,3)
0028_s011.png (480,480,3)
0028_s012.png (480,480,3)
0028_s013.png (480,480,3)
0028_s014.png (480,480,3)
0028_s015.png (480,480,3)
0028_s016.png (480,480,3)
0028_s017.png (480,480,3)
0028_s018.png (480,480,3)
0028_s019.png (480,480,3)
0028_s020.png (480,480,3)
0028_s021.png (480,480,3)
0028_s022.png (480,480,3)
0028_s023.png (480,480,3)
0028_s024.png (480,480,3)
0028_s025.png (480,480,3)
0028_s026.png (480,480,3)
0028_s027.png (480,480,3)
0028_s028.png (480,480,3)
0028_s029.png (480,480,3)
0028_s030.png (480,480,3)
0028_s031.png (480,480,3)
0028_s032.png (480,480,3)
0028_s033.png (480,480,3)
0028_s034.png (480,480,3)
0028_s035.png (480,480,3)
0028_s036.png (480,480,3)
0028_s037.png (480,480,3)
0028_s038.png (480,480,3)
0028_s039.png (480,480,3)
0028_s040.png (480,480,3)
0028_s041.png (480,480,3)
0028_s042.png (480,480,3)
0028_s043.png (480,480,3)
0028_s044.png (480,480,3)
0028_s045.png (480,480,3)
0028_s046.png (480,480,3)
0028_s047.png (480,480,3)
0028_s048.png (480,480,3)
0028_s049.png (480,480,3)
0028_s050.png (480,480,3)
0028_s051.png (480,480,3)
0028_s052.png (480,480,3)
0028_s053.png (480,480,3)
0028_s054.png (480,480,3)
0028_s055.png (480,480,3)
0028_s056.png (480,480,3)
0028_s057.png (480,480,3)
0028_s058.png (480,480,3)
0028_s059.png (480,480,3)
0028_s060.png (480,480,3)
0028_s061.png (480,480,3)
0028_s062.png (480,480,3)
0028_s063.png (480,480,3)
0028_s064.png (480,480,3)
0029_s001.png (480,480,3)
0029_s002.png (480,480,3)
0029_s003.png (480,480,3)
0029_s004.png (480,480,3)
0029_s005.png (480,480,3)
0029_s006.png (480,480,3)
0029_s007.png (480,480,3)
0029_s008.png (480,480,3)
0029_s009.png (480,480,3)
0029_s010.png (480,480,3)
0029_s011.png (480,480,3)
0029_s012.png (480,480,3)
0029_s013.png (480,480,3)
0029_s014.png (480,480,3)
0029_s015.png (480,480,3)
0029_s016.png (480,480,3)
0029_s017.png (480,480,3)
0029_s018.png (480,480,3)
0029_s019.png (480,480,3)
0029_s020.png (480,480,3)
0029_s021.png (480,480,3)
0029_s022.png (480,480,3)
0029_s023.png (480,480,3)
0029_s024.png (480,480,3)
0029_s025.png (480,480,3)
0029_s026.png (480,480,3)
0029_s027.png (480,480,3)
0029_s028.png (480,480,3)
0029_s029.png (480,480,3)
0029_s030.png (480,480,3)
0029_s031.png (480,480,3)
0029_s032.png (480,480,3)
0029_s033.png (480,480,3)
0029_s034.png (480,480,3)
0029_s035.png (480,480,3)
0029_s036.png (480,480,3)
0029_s037.png (480,480,3)
0029_s038.png (480,480,3)
0029_s039.png (480,480,3)
0029_s040.png (480,480,3)
0030_s001.png (480,480,3)
0030_s002.png (480,480,3)
0030_s003.png (480,480,3)
0030_s004.png (480,480,3)
0030_s005.png (480,480,3)
0030_s006.png (480,480,3)
0030_s007.png (480,480,3)
0030_s008.png (480,480,3)
0030_s009.png (480,480,3)
0030_s010.png (480,480,3)
0030_s011.png (480,480,3)
0030_s012.png (480,480,3)
0030_s013.png (480,480,3)
0030_s014.png (480,480,3)
0030_s015.png (480,480,3)
0030_s016.png (480,480,3)
0030_s017.png (480,480,3)
0030_s018.png (480,480,3)
0030_s019.png (480,480,3)
0030_s020.png (480,480,3)
0030_s021.png (480,480,3)
0030_s022.png (480,480,3)
0030_s023.png (480,480,3)
0030_s024.png (480,480,3)
0030_s025.png (480,480,3)
0030_s026.png (480,480,3)
0030_s027.png (480,480,3)
0030_s028.png (480,480,3)
0030_s029.png (480,480,3)
0030_s030.png (480,480,3)
0030_s031.png (480,480,3)
0030_s032.png (480,480,3)
0030_s033.png (480,480,3)
0030_s034.png (480,480,3)
0030_s035.png (480,480,3)
0030_s036.png (480,480,3)
0030_s037.png (480,480,3)
0030_s038.png (480,480,3)
0030_s039.png (480,480,3)
0030_s040.png (480,480,3)
0031_s001.png (480,480,3)
0031_s002.png (480,480,3)
0031_s003.png (480,480,3)
0031_s004.png (480,480,3)
0031_s005.png (480,480,3)
0031_s006.png (480,480,3)
0031_s007.png (480,480,3)
0031_s008.png (480,480,3)
0031_s009.png (480,480,3)
0031_s010.png (480,480,3)
0031_s011.png (480,480,3)
0031_s012.png (480,480,3)
0031_s013.png (480,480,3)
0031_s014.png (480,480,3)
0031_s015.png (480,480,3)
0031_s016.png (480,480,3)
0031_s017.png (480,480,3)
0031_s018.png (480,480,3)
0031_s019.png (480,480,3)
0031_s020.png (480,480,3)
0031_s021.png (480,480,3)
0031_s022.png (480,480,3)
0031_s023.png (480,480,3)
0031_s024.png (480,480,3)
0031_s025.png (480,480,3)
0031_s026.png (480,480,3)
0031_s027.png (480,480,3)
0031_s028.png (480,480,3)
0031_s029.png (480,480,3)
0031_s030.png (480,480,3)
0031_s031.png (480,480,3)
0031_s032.png (480,480,3)
0031_s033.png (480,480,3)
0031_s034.png (480,480,3)
0031_s035.png (480,480,3)
0031_s036.png (480,480,3)
0031_s037.png (480,480,3)
0031_s038.png (480,480,3)
0031_s039.png (480,480,3)
0031_s040.png (480,480,3)
0032_s001.png (480,480,3)
0032_s002.png (480,480,3)
0032_s003.png (480,480,3)
0032_s004.png (480,480,3)
0032_s005.png (480,480,3)
0032_s006.png (480,480,3)
0032_s007.png (480,480,3)
0032_s008.png (480,480,3)
0032_s009.png (480,480,3)
0032_s010.png (480,480,3)
0032_s011.png (480,480,3)
0032_s012.png (480,480,3)
0032_s013.png (480,480,3)
0032_s014.png (480,480,3)
0032_s015.png (480,480,3)
0032_s016.png (480,480,3)
0032_s017.png (480,480,3)
0032_s018.png (480,480,3)
0032_s019.png (480,480,3)
0032_s020.png (480,480,3)
0032_s021.png (480,480,3)
0032_s022.png (480,480,3)
0032_s023.png (480,480,3)
0032_s024.png (480,480,3)
0032_s025.png (480,480,3)
0032_s026.png (480,480,3)
0032_s027.png (480,480,3)
0032_s028.png (480,480,3)
0032_s029.png (480,480,3)
0032_s030.png (480,480,3)
0032_s031.png (480,480,3)
0032_s032.png (480,480,3)
0032_s033.png (480,480,3)
0032_s034.png (480,480,3)
0032_s035.png (480,480,3)
0032_s036.png (480,480,3)
0032_s037.png (480,480,3)
0032_s038.png (480,480,3)
0032_s039.png (480,480,3)
0032_s040.png (480,480,3)
0033_s001.png (480,480,3)
0033_s002.png (480,480,3)
0033_s003.png (480,480,3)
0033_s004.png (480,480,3)
0033_s005.png (480,480,3)
0033_s006.png (480,480,3)
0033_s007.png (480,480,3)
0033_s008.png (480,480,3)
0033_s009.png (480,480,3)
0033_s010.png (480,480,3)
0033_s011.png (480,480,3)
0033_s012.png (480,480,3)
0033_s013.png (480,480,3)
0033_s014.png (480,480,3)
0033_s015.png (480,480,3)
0033_s016.png (480,480,3)
0033_s017.png (480,480,3)
0033_s018.png (480,480,3)
0033_s019.png (480,480,3)
0033_s020.png (480,480,3)
0033_s021.png (480,480,3)
0033_s022.png (480,480,3)
0033_s023.png (480,480,3)
0033_s024.png (480,480,3)
0033_s025.png (480,480,3)
0033_s026.png (480,480,3)
0033_s027.png (480,480,3)
0033_s028.png (480,480,3)
0033_s029.png (480,480,3)
0033_s030.png (480,480,3)
0033_s031.png (480,480,3)
0033_s032.png (480,480,3)
0033_s033.png (480,480,3)
0033_s034.png (480,480,3)
0033_s035.png (480,480,3)
0033_s036.png (480,480,3)
0033_s037.png (480,480,3)
0033_s038.png (480,480,3)
0033_s039.png (480,480,3)
0033_s040.png (480,480,3)
0034_s001.png (480,480,3)
0034_s002.png (480,480,3)
0034_s003.png (480,480,3)
0034_s004.png (480,480,3)
0034_s005.png (480,480,3)
0034_s006.png (480,480,3)
0034_s007.png (480,480,3)
0034_s008.png (480,480,3)
0034_s009.png (480,480,3)
0034_s010.png (480,480,3)
0034_s011.png (480,480,3)
0034_s012.png (480,480,3)
0034_s013.png (480,480,3)
0034_s014.png (480,480,3)
0034_s015.png (480,480,3)
0034_s016.png (480,480,3)
0034_s017.png (480,480,3)
0034_s018.png (480,480,3)
0034_s019.png (480,480,3)
0034_s020.png (480,480,3)
0034_s021.png (480,480,3)
0034_s022.png (480,480,3)
0034_s023.png (480,480,3)
0034_s024.png (480,480,3)
0034_s025.png (480,480,3)
0034_s026.png (480,480,3)
0034_s027.png (480,480,3)
0034_s028.png (480,480,3)
0034_s029.png (480,480,3)
0034_s030.png (480,480,3)
0034_s031.png (480,480,3)
0034_s032.png (480,480,3)
0034_s033.png (480,480,3)
0034_s034.png (480,480,3)
0034_s035.png (480,480,3)
0034_s036.png (480,480,3)
0034_s037.png (480,480,3)
0034_s038.png (480,480,3)
0034_s039.png (480,480,3)
0034_s040.png (480,480,3)
0035_s001.png (480,480,3)
0035_s002.png (480,480,3)
0035_s003.png (480,480,3)
0035_s004.png (480,480,3)
0035_s005.png (480,480,3)
0035_s006.png (480,480,3)
0035_s007.png (480,480,3)
0035_s008.png (480,480,3)
0035_s009.png (480,480,3)
0035_s010.png (480,480,3)
0035_s011.png (480,480,3)
0035_s012.png (480,480,3)
0035_s013.png (480,480,3)
0035_s014.png (480,480,3)
0035_s015.png (480,480,3)
0035_s016.png (480,480,3)
0035_s017.png (480,480,3)
0035_s018.png (480,480,3)
0035_s019.png (480,480,3)
0035_s020.png (480,480,3)
0035_s021.png (480,480,3)
0035_s022.png (480,480,3)
0035_s023.png (480,480,3)
0035_s024.png (480,480,3)
0035_s025.png (480,480,3)
0035_s026.png (480,480,3)
0035_s027.png (480,480,3)
0035_s028.png (480,480,3)
0035_s029.png (480,480,3)
0035_s030.png (480,480,3)
0035_s031.png (480,480,3)
0035_s032.png (480,480,3)
0035_s033.png (480,480,3)
0035_s034.png (480,480,3)
0035_s035.png (480,480,3)
0035_s036.png (480,480,3)
0035_s037.png (480,480,3)
0035_s038.png (480,480,3)
0035_s039.png (480,480,3)
0035_s040.png (480,480,3)
0036_s001.png (480,480,3)
0036_s002.png (480,480,3)
0036_s003.png (480,480,3)
0036_s004.png (480,480,3)
0036_s005.png (480,480,3)
0036_s006.png (480,480,3)
0036_s007.png (480,480,3)
0036_s008.png (480,480,3)
0036_s009.png (480,480,3)
0036_s010.png (480,480,3)
0036_s011.png (480,480,3)
0036_s012.png (480,480,3)
0036_s013.png (480,480,3)
0036_s014.png (480,480,3)
0036_s015.png (480,480,3)
0036_s016.png (480,480,3)
0036_s017.png (480,480,3)
0036_s018.png (480,480,3)
0036_s019.png (480,480,3)
0036_s020.png (480,480,3)
0036_s021.png (480,480,3)
0036_s022.png (480,480,3)
0036_s023.png (480,480,3)
0036_s024.png (480,480,3)
0036_s025.png (480,480,3)
0036_s026.png (480,480,3)
0036_s027.png (480,480,3)
0036_s028.png (480,480,3)
0036_s029.png (480,480,3)
0036_s030.png (480,480,3)
0036_s031.png (480,480,3)
0036_s032.png (480,480,3)
0036_s033.png (480,480,3)
0036_s034.png (480,480,3)
0036_s035.png (480,480,3)
0036_s036.png (480,480,3)
0036_s037.png (480,480,3)
0036_s038.png (480,480,3)
0036_s039.png (480,480,3)
0036_s040.png (480,480,3)
0036_s041.png (480,480,3)
0036_s042.png (480,480,3)
0036_s043.png (480,480,3)
0036_s044.png (480,480,3)
0036_s045.png (480,480,3)
0036_s046.png (480,480,3)
0036_s047.png (480,480,3)
0036_s048.png (480,480,3)
0037_s001.png (480,480,3)
0037_s002.png (480,480,3)
0037_s003.png (480,480,3)
0037_s004.png (480,480,3)
0037_s005.png (480,480,3)
0037_s006.png (480,480,3)
0037_s007.png (480,480,3)
0037_s008.png (480,480,3)
0037_s009.png (480,480,3)
0037_s010.png (480,480,3)
0037_s011.png (480,480,3)
0037_s012.png (480,480,3)
0037_s013.png (480,480,3)
0037_s014.png (480,480,3)
0037_s015.png (480,480,3)
0037_s016.png (480,480,3)
0037_s017.png (480,480,3)
0037_s018.png (480,480,3)
0037_s019.png (480,480,3)
0037_s020.png (480,480,3)
0037_s021.png (480,480,3)
0037_s022.png (480,480,3)
0037_s023.png (480,480,3)
0037_s024.png (480,480,3)
0037_s025.png (480,480,3)
0037_s026.png (480,480,3)
0037_s027.png (480,480,3)
0037_s028.png (480,480,3)
0037_s029.png (480,480,3)
0037_s030.png (480,480,3)
0037_s031.png (480,480,3)
0037_s032.png (480,480,3)
0037_s033.png (480,480,3)
0037_s034.png (480,480,3)
0037_s035.png (480,480,3)
0037_s036.png (480,480,3)
0037_s037.png (480,480,3)
0037_s038.png (480,480,3)
0037_s039.png (480,480,3)
0037_s040.png (480,480,3)
0038_s001.png (480,480,3)
0038_s002.png (480,480,3)
0038_s003.png (480,480,3)
0038_s004.png (480,480,3)
0038_s005.png (480,480,3)
0038_s006.png (480,480,3)
0038_s007.png (480,480,3)
0038_s008.png (480,480,3)
0038_s009.png (480,480,3)
0038_s010.png (480,480,3)
0038_s011.png (480,480,3)
0038_s012.png (480,480,3)
0038_s013.png (480,480,3)
0038_s014.png (480,480,3)
0038_s015.png (480,480,3)
0038_s016.png (480,480,3)
0038_s017.png (480,480,3)
0038_s018.png (480,480,3)
0038_s019.png (480,480,3)
0038_s020.png (480,480,3)
0038_s021.png (480,480,3)
0038_s022.png (480,480,3)
0038_s023.png (480,480,3)
0038_s024.png (480,480,3)
0038_s025.png (480,480,3)
0038_s026.png (480,480,3)
0038_s027.png (480,480,3)
0038_s028.png (480,480,3)
0038_s029.png (480,480,3)
0038_s030.png (480,480,3)
0038_s031.png (480,480,3)
0038_s032.png (480,480,3)
0038_s033.png (480,480,3)
0038_s034.png (480,480,3)
0038_s035.png (480,480,3)
0038_s036.png (480,480,3)
0038_s037.png (480,480,3)
0038_s038.png (480,480,3)
0038_s039.png (480,480,3)
0038_s040.png (480,480,3)
0039_s001.png (480,480,3)
0039_s002.png (480,480,3)
0039_s003.png (480,480,3)
0039_s004.png (480,480,3)
0039_s005.png (480,480,3)
0039_s006.png (480,480,3)
0039_s007.png (480,480,3)
0039_s008.png (480,480,3)
0039_s009.png (480,480,3)
0039_s010.png (480,480,3)
0039_s011.png (480,480,3)
0039_s012.png (480,480,3)
0039_s013.png (480,480,3)
0039_s014.png (480,480,3)
0039_s015.png (480,480,3)
0039_s016.png (480,480,3)
0039_s017.png (480,480,3)
0039_s018.png (480,480,3)
0039_s019.png (480,480,3)
0039_s020.png (480,480,3)
0039_s021.png (480,480,3)
0039_s022.png (480,480,3)
0039_s023.png (480,480,3)
0039_s024.png (480,480,3)
0039_s025.png (480,480,3)
0039_s026.png (480,480,3)
0039_s027.png (480,480,3)
0039_s028.png (480,480,3)
0039_s029.png (480,480,3)
0039_s030.png (480,480,3)
0039_s031.png (480,480,3)
0039_s032.png (480,480,3)
0039_s033.png (480,480,3)
0039_s034.png (480,480,3)
0039_s035.png (480,480,3)
0039_s036.png (480,480,3)
0039_s037.png (480,480,3)
0039_s038.png (480,480,3)
0039_s039.png (480,480,3)
0039_s040.png (480,480,3)
0040_s001.png (480,480,3)
0040_s002.png (480,480,3)
0040_s003.png (480,480,3)
0040_s004.png (480,480,3)
0040_s005.png (480,480,3)
0040_s006.png (480,480,3)
0040_s007.png (480,480,3)
0040_s008.png (480,480,3)
0040_s009.png (480,480,3)
0040_s010.png (480,480,3)
0040_s011.png (480,480,3)
0040_s012.png (480,480,3)
0040_s013.png (480,480,3)
0040_s014.png (480,480,3)
0040_s015.png (480,480,3)
0040_s016.png (480,480,3)
0040_s017.png (480,480,3)
0040_s018.png (480,480,3)
0040_s019.png (480,480,3)
0040_s020.png (480,480,3)
0040_s021.png (480,480,3)
0040_s022.png (480,480,3)
0040_s023.png (480,480,3)
0040_s024.png (480,480,3)
0040_s025.png (480,480,3)
0040_s026.png (480,480,3)
0040_s027.png (480,480,3)
0040_s028.png (480,480,3)
0040_s029.png (480,480,3)
0040_s030.png (480,480,3)
0040_s031.png (480,480,3)
0040_s032.png (480,480,3)
0040_s033.png (480,480,3)
0040_s034.png (480,480,3)
0040_s035.png (480,480,3)
0040_s036.png (480,480,3)
0040_s037.png (480,480,3)
0040_s038.png (480,480,3)
0040_s039.png (480,480,3)
0040_s040.png (480,480,3)
0041_s001.png (480,480,3)
0041_s002.png (480,480,3)
0041_s003.png (480,480,3)
0041_s004.png (480,480,3)
0041_s005.png (480,480,3)
0041_s006.png (480,480,3)
0041_s007.png (480,480,3)
0041_s008.png (480,480,3)
0041_s009.png (480,480,3)
0041_s010.png (480,480,3)
0041_s011.png (480,480,3)
0041_s012.png (480,480,3)
0041_s013.png (480,480,3)
0041_s014.png (480,480,3)
0041_s015.png (480,480,3)
0041_s016.png (480,480,3)
0041_s017.png (480,480,3)
0041_s018.png (480,480,3)
0041_s019.png (480,480,3)
0041_s020.png (480,480,3)
0041_s021.png (480,480,3)
0041_s022.png (480,480,3)
0041_s023.png (480,480,3)
0041_s024.png (480,480,3)
0041_s025.png (480,480,3)
0041_s026.png (480,480,3)
0041_s027.png (480,480,3)
0041_s028.png (480,480,3)
0041_s029.png (480,480,3)
0041_s030.png (480,480,3)
0041_s031.png (480,480,3)
0041_s032.png (480,480,3)
0041_s033.png (480,480,3)
0041_s034.png (480,480,3)
0041_s035.png (480,480,3)
0041_s036.png (480,480,3)
0041_s037.png (480,480,3)
0041_s038.png (480,480,3)
0041_s039.png (480,480,3)
0041_s040.png (480,480,3)
0042_s001.png (480,480,3)
0042_s002.png (480,480,3)
0042_s003.png (480,480,3)
0042_s004.png (480,480,3)
0042_s005.png (480,480,3)
0042_s006.png (480,480,3)
0042_s007.png (480,480,3)
0042_s008.png (480,480,3)
0042_s009.png (480,480,3)
0042_s010.png (480,480,3)
0042_s011.png (480,480,3)
0042_s012.png (480,480,3)
0042_s013.png (480,480,3)
0042_s014.png (480,480,3)
0042_s015.png (480,480,3)
0042_s016.png (480,480,3)
0042_s017.png (480,480,3)
0042_s018.png (480,480,3)
0042_s019.png (480,480,3)
0042_s020.png (480,480,3)
0042_s021.png (480,480,3)
0042_s022.png (480,480,3)
0042_s023.png (480,480,3)
0042_s024.png (480,480,3)
0042_s025.png (480,480,3)
0042_s026.png (480,480,3)
0042_s027.png (480,480,3)
0042_s028.png (480,480,3)
0042_s029.png (480,480,3)
0042_s030.png (480,480,3)
0042_s031.png (480,480,3)
0042_s032.png (480,480,3)
0042_s033.png (480,480,3)
0042_s034.png (480,480,3)
0042_s035.png (480,480,3)
0042_s036.png (480,480,3)
0042_s037.png (480,480,3)
0042_s038.png (480,480,3)
0042_s039.png (480,480,3)
0042_s040.png (480,480,3)
0043_s001.png (480,480,3)
0043_s002.png (480,480,3)
0043_s003.png (480,480,3)
0043_s004.png (480,480,3)
0043_s005.png (480,480,3)
0043_s006.png (480,480,3)
0043_s007.png (480,480,3)
0043_s008.png (480,480,3)
0043_s009.png (480,480,3)
0043_s010.png (480,480,3)
0043_s011.png (480,480,3)
0043_s012.png (480,480,3)
0043_s013.png (480,480,3)
0043_s014.png (480,480,3)
0043_s015.png (480,480,3)
0043_s016.png (480,480,3)
0043_s017.png (480,480,3)
0043_s018.png (480,480,3)
0043_s019.png (480,480,3)
0043_s020.png (480,480,3)
0043_s021.png (480,480,3)
0043_s022.png (480,480,3)
0043_s023.png (480,480,3)
0043_s024.png (480,480,3)
0043_s025.png (480,480,3)
0043_s026.png (480,480,3)
0043_s027.png (480,480,3)
0043_s028.png (480,480,3)
0043_s029.png (480,480,3)
0043_s030.png (480,480,3)
0043_s031.png (480,480,3)
0043_s032.png (480,480,3)
0043_s033.png (480,480,3)
0043_s034.png (480,480,3)
0043_s035.png (480,480,3)
0043_s036.png (480,480,3)
0043_s037.png (480,480,3)
0043_s038.png (480,480,3)
0043_s039.png (480,480,3)
0043_s040.png (480,480,3)
0044_s001.png (480,480,3)
0044_s002.png (480,480,3)
0044_s003.png (480,480,3)
0044_s004.png (480,480,3)
0044_s005.png (480,480,3)
0044_s006.png (480,480,3)
0044_s007.png (480,480,3)
0044_s008.png (480,480,3)
0044_s009.png (480,480,3)
0044_s010.png (480,480,3)
0044_s011.png (480,480,3)
0044_s012.png (480,480,3)
0044_s013.png (480,480,3)
0044_s014.png (480,480,3)
0044_s015.png (480,480,3)
0044_s016.png (480,480,3)
0044_s017.png (480,480,3)
0044_s018.png (480,480,3)
0044_s019.png (480,480,3)
0044_s020.png (480,480,3)
0044_s021.png (480,480,3)
0044_s022.png (480,480,3)
0044_s023.png (480,480,3)
0044_s024.png (480,480,3)
0044_s025.png (480,480,3)
0044_s026.png (480,480,3)
0044_s027.png (480,480,3)
0044_s028.png (480,480,3)
0044_s029.png (480,480,3)
0044_s030.png (480,480,3)
0044_s031.png (480,480,3)
0044_s032.png (480,480,3)
0044_s033.png (480,480,3)
0044_s034.png (480,480,3)
0044_s035.png (480,480,3)
0044_s036.png (480,480,3)
0044_s037.png (480,480,3)
0044_s038.png (480,480,3)
0044_s039.png (480,480,3)
0044_s040.png (480,480,3)
0044_s041.png (480,480,3)
0044_s042.png (480,480,3)
0044_s043.png (480,480,3)
0044_s044.png (480,480,3)
0044_s045.png (480,480,3)
0044_s046.png (480,480,3)
0044_s047.png (480,480,3)
0044_s048.png (480,480,3)
0044_s049.png (480,480,3)
0044_s050.png (480,480,3)
0044_s051.png (480,480,3)
0044_s052.png (480,480,3)
0044_s053.png (480,480,3)
0044_s054.png (480,480,3)
0044_s055.png (480,480,3)
0044_s056.png (480,480,3)
0044_s057.png (480,480,3)
0044_s058.png (480,480,3)
0044_s059.png (480,480,3)
0044_s060.png (480,480,3)
0044_s061.png (480,480,3)
0044_s062.png (480,480,3)
0044_s063.png (480,480,3)
0044_s064.png (480,480,3)
0045_s001.png (480,480,3)
0045_s002.png (480,480,3)
0045_s003.png (480,480,3)
0045_s004.png (480,480,3)
0045_s005.png (480,480,3)
0045_s006.png (480,480,3)
0045_s007.png (480,480,3)
0045_s008.png (480,480,3)
0045_s009.png (480,480,3)
0045_s010.png (480,480,3)
0045_s011.png (480,480,3)
0045_s012.png (480,480,3)
0045_s013.png (480,480,3)
0045_s014.png (480,480,3)
0045_s015.png (480,480,3)
0045_s016.png (480,480,3)
0045_s017.png (480,480,3)
0045_s018.png (480,480,3)
0045_s019.png (480,480,3)
0045_s020.png (480,480,3)
0045_s021.png (480,480,3)
0045_s022.png (480,480,3)
0045_s023.png (480,480,3)
0045_s024.png (480,480,3)
0045_s025.png (480,480,3)
0045_s026.png (480,480,3)
0045_s027.png (480,480,3)
0045_s028.png (480,480,3)
0045_s029.png (480,480,3)
0045_s030.png (480,480,3)
0045_s031.png (480,480,3)
0045_s032.png (480,480,3)
0046_s001.png (480,480,3)
0046_s002.png (480,480,3)
0046_s003.png (480,480,3)
0046_s004.png (480,480,3)
0046_s005.png (480,480,3)
0046_s006.png (480,480,3)
0046_s007.png (480,480,3)
0046_s008.png (480,480,3)
0046_s009.png (480,480,3)
0046_s010.png (480,480,3)
0046_s011.png (480,480,3)
0046_s012.png (480,480,3)
0046_s013.png (480,480,3)
0046_s014.png (480,480,3)
0046_s015.png (480,480,3)
0046_s016.png (480,480,3)
0046_s017.png (480,480,3)
0046_s018.png (480,480,3)
0046_s019.png (480,480,3)
0046_s020.png (480,480,3)
0046_s021.png (480,480,3)
0046_s022.png (480,480,3)
0046_s023.png (480,480,3)
0046_s024.png (480,480,3)
0046_s025.png (480,480,3)
0046_s026.png (480,480,3)
0046_s027.png (480,480,3)
0046_s028.png (480,480,3)
0046_s029.png (480,480,3)
0046_s030.png (480,480,3)
0046_s031.png (480,480,3)
0046_s032.png (480,480,3)
0046_s033.png (480,480,3)
0046_s034.png (480,480,3)
0046_s035.png (480,480,3)
0046_s036.png (480,480,3)
0046_s037.png (480,480,3)
0046_s038.png (480,480,3)
0046_s039.png (480,480,3)
0046_s040.png (480,480,3)
0047_s001.png (480,480,3)
0047_s002.png (480,480,3)
0047_s003.png (480,480,3)
0047_s004.png (480,480,3)
0047_s005.png (480,480,3)
0047_s006.png (480,480,3)
0047_s007.png (480,480,3)
0047_s008.png (480,480,3)
0047_s009.png (480,480,3)
0047_s010.png (480,480,3)
0047_s011.png (480,480,3)
0047_s012.png (480,480,3)
0047_s013.png (480,480,3)
0047_s014.png (480,480,3)
0047_s015.png (480,480,3)
0047_s016.png (480,480,3)
0047_s017.png (480,480,3)
0047_s018.png (480,480,3)
0047_s019.png (480,480,3)
0047_s020.png (480,480,3)
0047_s021.png (480,480,3)
0047_s022.png (480,480,3)
0047_s023.png (480,480,3)
0047_s024.png (480,480,3)
0047_s025.png (480,480,3)
0047_s026.png (480,480,3)
0047_s027.png (480,480,3)
0047_s028.png (480,480,3)
0047_s029.png (480,480,3)
0047_s030.png (480,480,3)
0047_s031.png (480,480,3)
0047_s032.png (480,480,3)
0047_s033.png (480,480,3)
0047_s034.png (480,480,3)
0047_s035.png (480,480,3)
0047_s036.png (480,480,3)
0047_s037.png (480,480,3)
0047_s038.png (480,480,3)
0047_s039.png (480,480,3)
0047_s040.png (480,480,3)
0048_s001.png (480,480,3)
0048_s002.png (480,480,3)
0048_s003.png (480,480,3)
0048_s004.png (480,480,3)
0048_s005.png (480,480,3)
0048_s006.png (480,480,3)
0048_s007.png (480,480,3)
0048_s008.png (480,480,3)
0048_s009.png (480,480,3)
0048_s010.png (480,480,3)
0048_s011.png (480,480,3)
0048_s012.png (480,480,3)
0048_s013.png (480,480,3)
0048_s014.png (480,480,3)
0048_s015.png (480,480,3)
0048_s016.png (480,480,3)
0048_s017.png (480,480,3)
0048_s018.png (480,480,3)
0048_s019.png (480,480,3)
0048_s020.png (480,480,3)
0048_s021.png (480,480,3)
0048_s022.png (480,480,3)
0048_s023.png (480,480,3)
0048_s024.png (480,480,3)
0048_s025.png (480,480,3)
0048_s026.png (480,480,3)
0048_s027.png (480,480,3)
0048_s028.png (480,480,3)
0048_s029.png (480,480,3)
0048_s030.png (480,480,3)
0048_s031.png (480,480,3)
0048_s032.png (480,480,3)
0048_s033.png (480,480,3)
0048_s034.png (480,480,3)
0048_s035.png (480,480,3)
0048_s036.png (480,480,3)
0048_s037.png (480,480,3)
0048_s038.png (480,480,3)
0048_s039.png (480,480,3)
0048_s040.png (480,480,3)
0049_s001.png (480,480,3)
0049_s002.png (480,480,3)
0049_s003.png (480,480,3)
0049_s004.png (480,480,3)
0049_s005.png (480,480,3)
0049_s006.png (480,480,3)
0049_s007.png (480,480,3)
0049_s008.png (480,480,3)
0049_s009.png (480,480,3)
0049_s010.png (480,480,3)
0049_s011.png (480,480,3)
0049_s012.png (480,480,3)
0049_s013.png (480,480,3)
0049_s014.png (480,480,3)
0049_s015.png (480,480,3)
0049_s016.png (480,480,3)
0049_s017.png (480,480,3)
0049_s018.png (480,480,3)
0049_s019.png (480,480,3)
0049_s020.png (480,480,3)
0049_s021.png (480,480,3)
0049_s022.png (480,480,3)
0049_s023.png (480,480,3)
0049_s024.png (480,480,3)
0049_s025.png (480,480,3)
0049_s026.png (480,480,3)
0049_s027.png (480,480,3)
0049_s028.png (480,480,3)
0049_s029.png (480,480,3)
0049_s030.png (480,480,3)
0049_s031.png (480,480,3)
0049_s032.png (480,480,3)
0049_s033.png (480,480,3)
0049_s034.png (480,480,3)
0049_s035.png (480,480,3)
0049_s036.png (480,480,3)
0049_s037.png (480,480,3)
0049_s038.png (480,480,3)
0049_s039.png (480,480,3)
0049_s040.png (480,480,3)
0050_s001.png (480,480,3)
0050_s002.png (480,480,3)
0050_s003.png (480,480,3)
0050_s004.png (480,480,3)
0050_s005.png (480,480,3)
0050_s006.png (480,480,3)
0050_s007.png (480,480,3)
0050_s008.png (480,480,3)
0050_s009.png (480,480,3)
0050_s010.png (480,480,3)
0050_s011.png (480,480,3)
0050_s012.png (480,480,3)
0050_s013.png (480,480,3)
0050_s014.png (480,480,3)
0050_s015.png (480,480,3)
0050_s016.png (480,480,3)
0050_s017.png (480,480,3)
0050_s018.png (480,480,3)
0050_s019.png (480,480,3)
0050_s020.png (480,480,3)
0050_s021.png (480,480,3)
0050_s022.png (480,480,3)
0050_s023.png (480,480,3)
0050_s024.png (480,480,3)
0050_s025.png (480,480,3)
0050_s026.png (480,480,3)
0050_s027.png (480,480,3)
0050_s028.png (480,480,3)
0050_s029.png (480,480,3)
0050_s030.png (480,480,3)
0050_s031.png (480,480,3)
0050_s032.png (480,480,3)
0050_s033.png (480,480,3)
0050_s034.png (480,480,3)
0050_s035.png (480,480,3)
0050_s036.png (480,480,3)
0050_s037.png (480,480,3)
0050_s038.png (480,480,3)
0050_s039.png (480,480,3)
0050_s040.png (480,480,3)
0051_s001.png (480,480,3)
0051_s002.png (480,480,3)
0051_s003.png (480,480,3)
0051_s004.png (480,480,3)
0051_s005.png (480,480,3)
0051_s006.png (480,480,3)
0051_s007.png (480,480,3)
0051_s008.png (480,480,3)
0051_s009.png (480,480,3)
0051_s010.png (480,480,3)
0051_s011.png (480,480,3)
0051_s012.png (480,480,3)
0051_s013.png (480,480,3)
0051_s014.png (480,480,3)
0051_s015.png (480,480,3)
0051_s016.png (480,480,3)
0051_s017.png (480,480,3)
0051_s018.png (480,480,3)
0051_s019.png (480,480,3)
0051_s020.png (480,480,3)
0051_s021.png (480,480,3)
0051_s022.png (480,480,3)
0051_s023.png (480,480,3)
0051_s024.png (480,480,3)
0051_s025.png (480,480,3)
0051_s026.png (480,480,3)
0051_s027.png (480,480,3)
0051_s028.png (480,480,3)
0051_s029.png (480,480,3)
0051_s030.png (480,480,3)
0051_s031.png (480,480,3)
0051_s032.png (480,480,3)
0051_s033.png (480,480,3)
0051_s034.png (480,480,3)
0051_s035.png (480,480,3)
0051_s036.png (480,480,3)
0051_s037.png (480,480,3)
0051_s038.png (480,480,3)
0051_s039.png (480,480,3)
0051_s040.png (480,480,3)
0052_s001.png (480,480,3)
0052_s002.png (480,480,3)
0052_s003.png (480,480,3)
0052_s004.png (480,480,3)
0052_s005.png (480,480,3)
0052_s006.png (480,480,3)
0052_s007.png (480,480,3)
0052_s008.png (480,480,3)
0052_s009.png (480,480,3)
0052_s010.png (480,480,3)
0052_s011.png (480,480,3)
0052_s012.png (480,480,3)
0052_s013.png (480,480,3)
0052_s014.png (480,480,3)
0052_s015.png (480,480,3)
0052_s016.png (480,480,3)
0052_s017.png (480,480,3)
0052_s018.png (480,480,3)
0052_s019.png (480,480,3)
0052_s020.png (480,480,3)
0052_s021.png (480,480,3)
0052_s022.png (480,480,3)
0052_s023.png (480,480,3)
0052_s024.png (480,480,3)
0052_s025.png (480,480,3)
0052_s026.png (480,480,3)
0052_s027.png (480,480,3)
0052_s028.png (480,480,3)
0052_s029.png (480,480,3)
0052_s030.png (480,480,3)
0052_s031.png (480,480,3)
0052_s032.png (480,480,3)
0052_s033.png (480,480,3)
0052_s034.png (480,480,3)
0052_s035.png (480,480,3)
0052_s036.png (480,480,3)
0052_s037.png (480,480,3)
0052_s038.png (480,480,3)
0052_s039.png (480,480,3)
0052_s040.png (480,480,3)
0053_s001.png (480,480,3)
0053_s002.png (480,480,3)
0053_s003.png (480,480,3)
0053_s004.png (480,480,3)
0053_s005.png (480,480,3)
0053_s006.png (480,480,3)
0053_s007.png (480,480,3)
0053_s008.png (480,480,3)
0053_s009.png (480,480,3)
0053_s010.png (480,480,3)
0053_s011.png (480,480,3)
0053_s012.png (480,480,3)
0053_s013.png (480,480,3)
0053_s014.png (480,480,3)
0053_s015.png (480,480,3)
0053_s016.png (480,480,3)
0053_s017.png (480,480,3)
0053_s018.png (480,480,3)
0053_s019.png (480,480,3)
0053_s020.png (480,480,3)
0053_s021.png (480,480,3)
0053_s022.png (480,480,3)
0053_s023.png (480,480,3)
0053_s024.png (480,480,3)
0053_s025.png (480,480,3)
0053_s026.png (480,480,3)
0053_s027.png (480,480,3)
0053_s028.png (480,480,3)
0053_s029.png (480,480,3)
0053_s030.png (480,480,3)
0053_s031.png (480,480,3)
0053_s032.png (480,480,3)
0053_s033.png (480,480,3)
0053_s034.png (480,480,3)
0053_s035.png (480,480,3)
0053_s036.png (480,480,3)
0053_s037.png (480,480,3)
0053_s038.png (480,480,3)
0053_s039.png (480,480,3)
0053_s040.png (480,480,3)
0054_s001.png (480,480,3)
0054_s002.png (480,480,3)
0054_s003.png (480,480,3)
0054_s004.png (480,480,3)
0054_s005.png (480,480,3)
0054_s006.png (480,480,3)
0054_s007.png (480,480,3)
0054_s008.png (480,480,3)
0054_s009.png (480,480,3)
0054_s010.png (480,480,3)
0054_s011.png (480,480,3)
0054_s012.png (480,480,3)
0054_s013.png (480,480,3)
0054_s014.png (480,480,3)
0054_s015.png (480,480,3)
0054_s016.png (480,480,3)
0054_s017.png (480,480,3)
0054_s018.png (480,480,3)
0054_s019.png (480,480,3)
0054_s020.png (480,480,3)
0054_s021.png (480,480,3)
0054_s022.png (480,480,3)
0054_s023.png (480,480,3)
0054_s024.png (480,480,3)
0054_s025.png (480,480,3)
0054_s026.png (480,480,3)
0054_s027.png (480,480,3)
0054_s028.png (480,480,3)
0054_s029.png (480,480,3)
0054_s030.png (480,480,3)
0054_s031.png (480,480,3)
0054_s032.png (480,480,3)
0054_s033.png (480,480,3)
0054_s034.png (480,480,3)
0054_s035.png (480,480,3)
0054_s036.png (480,480,3)
0054_s037.png (480,480,3)
0054_s038.png (480,480,3)
0054_s039.png (480,480,3)
0054_s040.png (480,480,3)
0055_s001.png (480,480,3)
0055_s002.png (480,480,3)
0055_s003.png (480,480,3)
0055_s004.png (480,480,3)
0055_s005.png (480,480,3)
0055_s006.png (480,480,3)
0055_s007.png (480,480,3)
0055_s008.png (480,480,3)
0055_s009.png (480,480,3)
0055_s010.png (480,480,3)
0055_s011.png (480,480,3)
0055_s012.png (480,480,3)
0055_s013.png (480,480,3)
0055_s014.png (480,480,3)
0055_s015.png (480,480,3)
0055_s016.png (480,480,3)
0055_s017.png (480,480,3)
0055_s018.png (480,480,3)
0055_s019.png (480,480,3)
0055_s020.png (480,480,3)
0055_s021.png (480,480,3)
0055_s022.png (480,480,3)
0055_s023.png (480,480,3)
0055_s024.png (480,480,3)
0055_s025.png (480,480,3)
0055_s026.png (480,480,3)
0055_s027.png (480,480,3)
0055_s028.png (480,480,3)
0055_s029.png (480,480,3)
0055_s030.png (480,480,3)
0055_s031.png (480,480,3)
0055_s032.png (480,480,3)
0056_s001.png (480,480,3)
0056_s002.png (480,480,3)
0056_s003.png (480,480,3)
0056_s004.png (480,480,3)
0056_s005.png (480,480,3)
0056_s006.png (480,480,3)
0056_s007.png (480,480,3)
0056_s008.png (480,480,3)
0056_s009.png (480,480,3)
0056_s010.png (480,480,3)
0056_s011.png (480,480,3)
0056_s012.png (480,480,3)
0056_s013.png (480,480,3)
0056_s014.png (480,480,3)
0056_s015.png (480,480,3)
0056_s016.png (480,480,3)
0056_s017.png (480,480,3)
0056_s018.png (480,480,3)
0056_s019.png (480,480,3)
0056_s020.png (480,480,3)
0056_s021.png (480,480,3)
0056_s022.png (480,480,3)
0056_s023.png (480,480,3)
0056_s024.png (480,480,3)
0056_s025.png (480,480,3)
0056_s026.png (480,480,3)
0056_s027.png (480,480,3)
0056_s028.png (480,480,3)
0056_s029.png (480,480,3)
0056_s030.png (480,480,3)
0056_s031.png (480,480,3)
0056_s032.png (480,480,3)
0056_s033.png (480,480,3)
0056_s034.png (480,480,3)
0056_s035.png (480,480,3)
0056_s036.png (480,480,3)
0056_s037.png (480,480,3)
0056_s038.png (480,480,3)
0056_s039.png (480,480,3)
0056_s040.png (480,480,3)
0057_s001.png (480,480,3)
0057_s002.png (480,480,3)
0057_s003.png (480,480,3)
0057_s004.png (480,480,3)
0057_s005.png (480,480,3)
0057_s006.png (480,480,3)
0057_s007.png (480,480,3)
0057_s008.png (480,480,3)
0057_s009.png (480,480,3)
0057_s010.png (480,480,3)
0057_s011.png (480,480,3)
0057_s012.png (480,480,3)
0057_s013.png (480,480,3)
0057_s014.png (480,480,3)
0057_s015.png (480,480,3)
0057_s016.png (480,480,3)
0057_s017.png (480,480,3)
0057_s018.png (480,480,3)
0057_s019.png (480,480,3)
0057_s020.png (480,480,3)
0057_s021.png (480,480,3)
0057_s022.png (480,480,3)
0057_s023.png (480,480,3)
0057_s024.png (480,480,3)
0057_s025.png (480,480,3)
0057_s026.png (480,480,3)
0057_s027.png (480,480,3)
0057_s028.png (480,480,3)
0057_s029.png (480,480,3)
0057_s030.png (480,480,3)
0057_s031.png (480,480,3)
0057_s032.png (480,480,3)
0057_s033.png (480,480,3)
0057_s034.png (480,480,3)
0057_s035.png (480,480,3)
0057_s036.png (480,480,3)
0057_s037.png (480,480,3)
0057_s038.png (480,480,3)
0057_s039.png (480,480,3)
0057_s040.png (480,480,3)
0058_s001.png (480,480,3)
0058_s002.png (480,480,3)
0058_s003.png (480,480,3)
0058_s004.png (480,480,3)
0058_s005.png (480,480,3)
0058_s006.png (480,480,3)
0058_s007.png (480,480,3)
0058_s008.png (480,480,3)
0058_s009.png (480,480,3)
0058_s010.png (480,480,3)
0058_s011.png (480,480,3)
0058_s012.png (480,480,3)
0058_s013.png (480,480,3)
0058_s014.png (480,480,3)
0058_s015.png (480,480,3)
0058_s016.png (480,480,3)
0058_s017.png (480,480,3)
0058_s018.png (480,480,3)
0058_s019.png (480,480,3)
0058_s020.png (480,480,3)
0058_s021.png (480,480,3)
0058_s022.png (480,480,3)
0058_s023.png (480,480,3)
0058_s024.png (480,480,3)
0058_s025.png (480,480,3)
0058_s026.png (480,480,3)
0058_s027.png (480,480,3)
0058_s028.png (480,480,3)
0058_s029.png (480,480,3)
0058_s030.png (480,480,3)
0058_s031.png (480,480,3)
0058_s032.png (480,480,3)
0058_s033.png (480,480,3)
0058_s034.png (480,480,3)
0058_s035.png (480,480,3)
0058_s036.png (480,480,3)
0058_s037.png (480,480,3)
0058_s038.png (480,480,3)
0058_s039.png (480,480,3)
0058_s040.png (480,480,3)
0059_s001.png (480,480,3)
0059_s002.png (480,480,3)
0059_s003.png (480,480,3)
0059_s004.png (480,480,3)
0059_s005.png (480,480,3)
0059_s006.png (480,480,3)
0059_s007.png (480,480,3)
0059_s008.png (480,480,3)
0059_s009.png (480,480,3)
0059_s010.png (480,480,3)
0059_s011.png (480,480,3)
0059_s012.png (480,480,3)
0059_s013.png (480,480,3)
0059_s014.png (480,480,3)
0059_s015.png (480,480,3)
0059_s016.png (480,480,3)
0059_s017.png (480,480,3)
0059_s018.png (480,480,3)
0059_s019.png (480,480,3)
0059_s020.png (480,480,3)
0059_s021.png (480,480,3)
0059_s022.png (480,480,3)
0059_s023.png (480,480,3)
0059_s024.png (480,480,3)
0059_s025.png (480,480,3)
0059_s026.png (480,480,3)
0059_s027.png (480,480,3)
0059_s028.png (480,480,3)
0059_s029.png (480,480,3)
0059_s030.png (480,480,3)
0059_s031.png (480,480,3)
0059_s032.png (480,480,3)
0059_s033.png (480,480,3)
0059_s034.png (480,480,3)
0059_s035.png (480,480,3)
0059_s036.png (480,480,3)
0059_s037.png (480,480,3)
0059_s038.png (480,480,3)
0059_s039.png (480,480,3)
0059_s040.png (480,480,3)
0059_s041.png (480,480,3)
0059_s042.png (480,480,3)
0059_s043.png (480,480,3)
0059_s044.png (480,480,3)
0059_s045.png (480,480,3)
0059_s046.png (480,480,3)
0059_s047.png (480,480,3)
0059_s048.png (480,480,3)
0060_s001.png (480,480,3)
0060_s002.png (480,480,3)
0060_s003.png (480,480,3)
0060_s004.png (480,480,3)
0060_s005.png (480,480,3)
0060_s006.png (480,480,3)
0060_s007.png (480,480,3)
0060_s008.png (480,480,3)
0060_s009.png (480,480,3)
0060_s010.png (480,480,3)
0060_s011.png (480,480,3)
0060_s012.png (480,480,3)
0060_s013.png (480,480,3)
0060_s014.png (480,480,3)
0060_s015.png (480,480,3)
0060_s016.png (480,480,3)
0060_s017.png (480,480,3)
0060_s018.png (480,480,3)
0060_s019.png (480,480,3)
0060_s020.png (480,480,3)
0060_s021.png (480,480,3)
0060_s022.png (480,480,3)
0060_s023.png (480,480,3)
0060_s024.png (480,480,3)
0060_s025.png (480,480,3)
0060_s026.png (480,480,3)
0060_s027.png (480,480,3)
0060_s028.png (480,480,3)
0060_s029.png (480,480,3)
0060_s030.png (480,480,3)
0060_s031.png (480,480,3)
0060_s032.png (480,480,3)
0060_s033.png (480,480,3)
0060_s034.png (480,480,3)
0060_s035.png (480,480,3)
0060_s036.png (480,480,3)
0060_s037.png (480,480,3)
0060_s038.png (480,480,3)
0060_s039.png (480,480,3)
0060_s040.png (480,480,3)
0061_s001.png (480,480,3)
0061_s002.png (480,480,3)
0061_s003.png (480,480,3)
0061_s004.png (480,480,3)
0061_s005.png (480,480,3)
0061_s006.png (480,480,3)
0061_s007.png (480,480,3)
0061_s008.png (480,480,3)
0061_s009.png (480,480,3)
0061_s010.png (480,480,3)
0061_s011.png (480,480,3)
0061_s012.png (480,480,3)
0061_s013.png (480,480,3)
0061_s014.png (480,480,3)
0061_s015.png (480,480,3)
0061_s016.png (480,480,3)
0061_s017.png (480,480,3)
0061_s018.png (480,480,3)
0061_s019.png (480,480,3)
0061_s020.png (480,480,3)
0061_s021.png (480,480,3)
0061_s022.png (480,480,3)
0061_s023.png (480,480,3)
0061_s024.png (480,480,3)
0061_s025.png (480,480,3)
0061_s026.png (480,480,3)
0061_s027.png (480,480,3)
0061_s028.png (480,480,3)
0061_s029.png (480,480,3)
0061_s030.png (480,480,3)
0061_s031.png (480,480,3)
0061_s032.png (480,480,3)
0061_s033.png (480,480,3)
0061_s034.png (480,480,3)
0061_s035.png (480,480,3)
0061_s036.png (480,480,3)
0061_s037.png (480,480,3)
0061_s038.png (480,480,3)
0061_s039.png (480,480,3)
0061_s040.png (480,480,3)
0062_s001.png (480,480,3)
0062_s002.png (480,480,3)
0062_s003.png (480,480,3)
0062_s004.png (480,480,3)
0062_s005.png (480,480,3)
0062_s006.png (480,480,3)
0062_s007.png (480,480,3)
0062_s008.png (480,480,3)
0062_s009.png (480,480,3)
0062_s010.png (480,480,3)
0062_s011.png (480,480,3)
0062_s012.png (480,480,3)
0062_s013.png (480,480,3)
0062_s014.png (480,480,3)
0062_s015.png (480,480,3)
0062_s016.png (480,480,3)
0062_s017.png (480,480,3)
0062_s018.png (480,480,3)
0062_s019.png (480,480,3)
0062_s020.png (480,480,3)
0062_s021.png (480,480,3)
0062_s022.png (480,480,3)
0062_s023.png (480,480,3)
0062_s024.png (480,480,3)
0062_s025.png (480,480,3)
0062_s026.png (480,480,3)
0062_s027.png (480,480,3)
0062_s028.png (480,480,3)
0062_s029.png (480,480,3)
0062_s030.png (480,480,3)
0062_s031.png (480,480,3)
0062_s032.png (480,480,3)
0062_s033.png (480,480,3)
0062_s034.png (480,480,3)
0062_s035.png (480,480,3)
0062_s036.png (480,480,3)
0062_s037.png (480,480,3)
0062_s038.png (480,480,3)
0062_s039.png (480,480,3)
0062_s040.png (480,480,3)
0063_s001.png (480,480,3)
0063_s002.png (480,480,3)
0063_s003.png (480,480,3)
0063_s004.png (480,480,3)
0063_s005.png (480,480,3)
0063_s006.png (480,480,3)
0063_s007.png (480,480,3)
0063_s008.png (480,480,3)
0063_s009.png (480,480,3)
0063_s010.png (480,480,3)
0063_s011.png (480,480,3)
0063_s012.png (480,480,3)
0063_s013.png (480,480,3)
0063_s014.png (480,480,3)
0063_s015.png (480,480,3)
0063_s016.png (480,480,3)
0063_s017.png (480,480,3)
0063_s018.png (480,480,3)
0063_s019.png (480,480,3)
0063_s020.png (480,480,3)
0063_s021.png (480,480,3)
0063_s022.png (480,480,3)
0063_s023.png (480,480,3)
0063_s024.png (480,480,3)
0063_s025.png (480,480,3)
0063_s026.png (480,480,3)
0063_s027.png (480,480,3)
0063_s028.png (480,480,3)
0063_s029.png (480,480,3)
0063_s030.png (480,480,3)
0063_s031.png (480,480,3)
0063_s032.png (480,480,3)
0063_s033.png (480,480,3)
0063_s034.png (480,480,3)
0063_s035.png (480,480,3)
0063_s036.png (480,480,3)
0063_s037.png (480,480,3)
0063_s038.png (480,480,3)
0063_s039.png (480,480,3)
0063_s040.png (480,480,3)
0063_s041.png (480,480,3)
0063_s042.png (480,480,3)
0063_s043.png (480,480,3)
0063_s044.png (480,480,3)
0063_s045.png (480,480,3)
0063_s046.png (480,480,3)
0063_s047.png (480,480,3)
0063_s048.png (480,480,3)
0064_s001.png (480,480,3)
0064_s002.png (480,480,3)
0064_s003.png (480,480,3)
0064_s004.png (480,480,3)
0064_s005.png (480,480,3)
0064_s006.png (480,480,3)
0064_s007.png (480,480,3)
0064_s008.png (480,480,3)
0064_s009.png (480,480,3)
0064_s010.png (480,480,3)
0064_s011.png (480,480,3)
0064_s012.png (480,480,3)
0064_s013.png (480,480,3)
0064_s014.png (480,480,3)
0064_s015.png (480,480,3)
0064_s016.png (480,480,3)
0064_s017.png (480,480,3)
0064_s018.png (480,480,3)
0064_s019.png (480,480,3)
0064_s020.png (480,480,3)
0064_s021.png (480,480,3)
0064_s022.png (480,480,3)
0064_s023.png (480,480,3)
0064_s024.png (480,480,3)
0064_s025.png (480,480,3)
0064_s026.png (480,480,3)
0064_s027.png (480,480,3)
0064_s028.png (480,480,3)
0064_s029.png (480,480,3)
0064_s030.png (480,480,3)
0064_s031.png (480,480,3)
0064_s032.png (480,480,3)
0064_s033.png (480,480,3)
0064_s034.png (480,480,3)
0064_s035.png (480,480,3)
0064_s036.png (480,480,3)
0064_s037.png (480,480,3)
0064_s038.png (480,480,3)
0064_s039.png (480,480,3)
0064_s040.png (480,480,3)
0065_s001.png (480,480,3)
0065_s002.png (480,480,3)
0065_s003.png (480,480,3)
0065_s004.png (480,480,3)
0065_s005.png (480,480,3)
0065_s006.png (480,480,3)
0065_s007.png (480,480,3)
0065_s008.png (480,480,3)
0065_s009.png (480,480,3)
0065_s010.png (480,480,3)
0065_s011.png (480,480,3)
0065_s012.png (480,480,3)
0065_s013.png (480,480,3)
0065_s014.png (480,480,3)
0065_s015.png (480,480,3)
0065_s016.png (480,480,3)
0065_s017.png (480,480,3)
0065_s018.png (480,480,3)
0065_s019.png (480,480,3)
0065_s020.png (480,480,3)
0065_s021.png (480,480,3)
0065_s022.png (480,480,3)
0065_s023.png (480,480,3)
0065_s024.png (480,480,3)
0065_s025.png (480,480,3)
0065_s026.png (480,480,3)
0065_s027.png (480,480,3)
0065_s028.png (480,480,3)
0065_s029.png (480,480,3)
0065_s030.png (480,480,3)
0065_s031.png (480,480,3)
0065_s032.png (480,480,3)
0066_s001.png (480,480,3)
0066_s002.png (480,480,3)
0066_s003.png (480,480,3)
0066_s004.png (480,480,3)
